% -------------------------------------------------------------------
%  Generated by MATLAB on 21-Aug-2023 13:07:25
%  MATLAB version: 9.12.0.1884302 (R2022a)
% -------------------------------------------------------------------
                                                 

Mat = 0.52249530577710213;

a = 4;

ans = 2.6124765288855105;

b = 5;

c = -1;

e = ...
  [0.17338861311900555 0.060471179169893641 0.65685989097370723 0.01548712563601895 ...
   0.37240974005553695;
   0.39093780232373554 0.3992577706135757 0.62797335919010422 0.98406372437915379 ...
   0.19811840254297464;
   0.83137974283906957 0.52687583050829589 0.29198407996171494 0.16716840991465598 ...
   0.48968763801602389;
   0.80336439160244022 0.41679946793078693 0.43165117024872024 0.10621634492866383 ...
   0.33949341339075767];

p = ...
  [3.5099548772511859 1.4949808364350288 5.6749186468645805 5.2407840317907253 ...
   7.6779516681286486;
   3.0524676567440672 3.9181151663058484 6.0374934558588871 1.3008938815570446 ...
   2.7230858133290656;
   6.124134305192019 3.564689605687196 2.2082006159886269 0.95198145246701316 ...
   4.6821420078382188;
   6.3615992090965054 5.170504080890117 5.4376214148293984 3.9869124158571436 ...
   1.7904955159290958];

v = ...
  [5 5 5 5 5;
   5 5 5 5 5;
   5 5 5 5 5;
   5 5 5 5 5];

x = [1 3.25 5.5 7.75 10];

y = 5;

z = 3;

